 0.00000000e+00  0.00000000e+00  0.00000000e+00  1.19999989e+00  0.00000000e+00  1.19999986e+00  0.00000000e+00  1.19999985e+00  0.00000000e+00  1.19999934e+00  0.00000000e+00  1.19999982e+00  0.00000000e+00  1.19999992e+00  0.00000000e+00  1.19999968e+00  0.00000000e+00  1.19999982e+00 
 1.00000000e-12  0.00000000e+00  1.00000000e-12  1.19999989e+00  1.00000000e-12  1.19999986e+00  1.00000000e-12  1.19999985e+00  1.00000000e-12  1.19999934e+00  1.00000000e-12  1.19999982e+00  1.00000000e-12  1.19999992e+00  1.00000000e-12  1.19999968e+00  1.00000000e-12  1.19999982e+00 
 2.00000000e-12  0.00000000e+00  2.00000000e-12  1.19999989e+00  2.00000000e-12  1.19999986e+00  2.00000000e-12  1.19999985e+00  2.00000000e-12  1.19999934e+00  2.00000000e-12  1.19999982e+00  2.00000000e-12  1.19999992e+00  2.00000000e-12  1.19999968e+00  2.00000000e-12  1.19999982e+00 
 4.00000000e-12  0.00000000e+00  4.00000000e-12  1.19999989e+00  4.00000000e-12  1.19999986e+00  4.00000000e-12  1.19999985e+00  4.00000000e-12  1.19999934e+00  4.00000000e-12  1.19999982e+00  4.00000000e-12  1.19999992e+00  4.00000000e-12  1.19999968e+00  4.00000000e-12  1.19999982e+00 
 8.00000000e-12  0.00000000e+00  8.00000000e-12  1.19999989e+00  8.00000000e-12  1.19999986e+00  8.00000000e-12  1.19999985e+00  8.00000000e-12  1.19999934e+00  8.00000000e-12  1.19999982e+00  8.00000000e-12  1.19999992e+00  8.00000000e-12  1.19999968e+00  8.00000000e-12  1.19999982e+00 
 1.60000000e-11  0.00000000e+00  1.60000000e-11  1.19999989e+00  1.60000000e-11  1.19999986e+00  1.60000000e-11  1.19999985e+00  1.60000000e-11  1.19999934e+00  1.60000000e-11  1.19999982e+00  1.60000000e-11  1.19999992e+00  1.60000000e-11  1.19999968e+00  1.60000000e-11  1.19999982e+00 
 3.20000000e-11  0.00000000e+00  3.20000000e-11  1.19999989e+00  3.20000000e-11  1.19999986e+00  3.20000000e-11  1.19999985e+00  3.20000000e-11  1.19999934e+00  3.20000000e-11  1.19999982e+00  3.20000000e-11  1.19999992e+00  3.20000000e-11  1.19999968e+00  3.20000000e-11  1.19999982e+00 
 6.40000000e-11  0.00000000e+00  6.40000000e-11  1.19999989e+00  6.40000000e-11  1.19999986e+00  6.40000000e-11  1.19999985e+00  6.40000000e-11  1.19999934e+00  6.40000000e-11  1.19999982e+00  6.40000000e-11  1.19999992e+00  6.40000000e-11  1.19999968e+00  6.40000000e-11  1.19999982e+00 
 1.28000000e-10  0.00000000e+00  1.28000000e-10  1.19999989e+00  1.28000000e-10  1.19999986e+00  1.28000000e-10  1.19999985e+00  1.28000000e-10  1.19999934e+00  1.28000000e-10  1.19999982e+00  1.28000000e-10  1.19999992e+00  1.28000000e-10  1.19999968e+00  1.28000000e-10  1.19999982e+00 
 2.28000000e-10  0.00000000e+00  2.28000000e-10  1.19999989e+00  2.28000000e-10  1.19999986e+00  2.28000000e-10  1.19999985e+00  2.28000000e-10  1.19999934e+00  2.28000000e-10  1.19999982e+00  2.28000000e-10  1.19999992e+00  2.28000000e-10  1.19999968e+00  2.28000000e-10  1.19999982e+00 
 3.28000000e-10  0.00000000e+00  3.28000000e-10  1.19999989e+00  3.28000000e-10  1.19999986e+00  3.28000000e-10  1.19999985e+00  3.28000000e-10  1.19999934e+00  3.28000000e-10  1.19999982e+00  3.28000000e-10  1.19999992e+00  3.28000000e-10  1.19999968e+00  3.28000000e-10  1.19999982e+00 
 4.28000000e-10  0.00000000e+00  4.28000000e-10  1.19999989e+00  4.28000000e-10  1.19999986e+00  4.28000000e-10  1.19999985e+00  4.28000000e-10  1.19999934e+00  4.28000000e-10  1.19999982e+00  4.28000000e-10  1.19999992e+00  4.28000000e-10  1.19999968e+00  4.28000000e-10  1.19999982e+00 
 5.28000000e-10  0.00000000e+00  5.28000000e-10  1.19999989e+00  5.28000000e-10  1.19999986e+00  5.28000000e-10  1.19999985e+00  5.28000000e-10  1.19999934e+00  5.28000000e-10  1.19999982e+00  5.28000000e-10  1.19999992e+00  5.28000000e-10  1.19999968e+00  5.28000000e-10  1.19999982e+00 
 6.28000000e-10  0.00000000e+00  6.28000000e-10  1.19999989e+00  6.28000000e-10  1.19999986e+00  6.28000000e-10  1.19999985e+00  6.28000000e-10  1.19999934e+00  6.28000000e-10  1.19999982e+00  6.28000000e-10  1.19999992e+00  6.28000000e-10  1.19999968e+00  6.28000000e-10  1.19999982e+00 
 7.28000000e-10  0.00000000e+00  7.28000000e-10  1.19999989e+00  7.28000000e-10  1.19999986e+00  7.28000000e-10  1.19999985e+00  7.28000000e-10  1.19999934e+00  7.28000000e-10  1.19999982e+00  7.28000000e-10  1.19999992e+00  7.28000000e-10  1.19999968e+00  7.28000000e-10  1.19999982e+00 
 8.28000000e-10  0.00000000e+00  8.28000000e-10  1.19999989e+00  8.28000000e-10  1.19999986e+00  8.28000000e-10  1.19999985e+00  8.28000000e-10  1.19999934e+00  8.28000000e-10  1.19999982e+00  8.28000000e-10  1.19999992e+00  8.28000000e-10  1.19999968e+00  8.28000000e-10  1.19999982e+00 
 9.28000000e-10  0.00000000e+00  9.28000000e-10  1.19999989e+00  9.28000000e-10  1.19999986e+00  9.28000000e-10  1.19999985e+00  9.28000000e-10  1.19999934e+00  9.28000000e-10  1.19999982e+00  9.28000000e-10  1.19999992e+00  9.28000000e-10  1.19999968e+00  9.28000000e-10  1.19999982e+00 
 1.00000000e-09  0.00000000e+00  1.00000000e-09  1.19999989e+00  1.00000000e-09  1.19999986e+00  1.00000000e-09  1.19999985e+00  1.00000000e-09  1.19999934e+00  1.00000000e-09  1.19999982e+00  1.00000000e-09  1.19999992e+00  1.00000000e-09  1.19999968e+00  1.00000000e-09  1.19999982e+00 
 1.01000000e-09  1.20000000e-01  1.01000000e-09  1.20123350e+00  1.01000000e-09  1.20117040e+00  1.01000000e-09  1.20140715e+00  1.01000000e-09  1.20123638e+00  1.01000000e-09  1.20118562e+00  1.01000000e-09  1.20101233e+00  1.01000000e-09  1.20147002e+00  1.01000000e-09  1.20128816e+00 
 1.03000000e-09  3.60000000e-01  1.03000000e-09  1.20118217e+00  1.03000000e-09  1.20096630e+00  1.03000000e-09  1.20134687e+00  1.03000000e-09  1.20121180e+00  1.03000000e-09  1.20099012e+00  1.03000000e-09  1.20074082e+00  1.03000000e-09  1.20154321e+00  1.03000000e-09  1.20111867e+00 
 1.07000000e-09  8.40000000e-01  1.07000000e-09  1.19661050e+00  1.07000000e-09  1.19589872e+00  1.07000000e-09  1.19712811e+00  1.07000000e-09  1.19381683e+00  1.07000000e-09  1.19557213e+00  1.07000000e-09  1.19382514e+00  1.07000000e-09  1.19504364e+00  1.07000000e-09  1.19342645e+00 
 1.10000000e-09  1.20000000e+00  1.10000000e-09  1.18824209e+00  1.10000000e-09  1.18793812e+00  1.10000000e-09  1.18864704e+00  1.10000000e-09  1.18563566e+00  1.10000000e-09  1.18739684e+00  1.10000000e-09  1.18634667e+00  1.10000000e-09  1.18545833e+00  1.10000000e-09  1.18441702e+00 
 1.10800000e-09  1.20000000e+00  1.10800000e-09  1.18515710e+00  1.10800000e-09  1.18534441e+00  1.10800000e-09  1.18571022e+00  1.10800000e-09  1.18327477e+00  1.10800000e-09  1.18472237e+00  1.10800000e-09  1.18496688e+00  1.10800000e-09  1.18234483e+00  1.10800000e-09  1.18234451e+00 
 1.12400000e-09  1.20000000e+00  1.12400000e-09  1.18444792e+00  1.12400000e-09  1.18549412e+00  1.12400000e-09  1.18435346e+00  1.12400000e-09  1.18432131e+00  1.12400000e-09  1.18503675e+00  1.12400000e-09  1.18653768e+00  1.12400000e-09  1.18177372e+00  1.12400000e-09  1.18356266e+00 
 1.15600000e-09  1.20000000e+00  1.15600000e-09  1.19221120e+00  1.15600000e-09  1.19282232e+00  1.15600000e-09  1.19060796e+00  1.15600000e-09  1.19467045e+00  1.15600000e-09  1.19309659e+00  1.15600000e-09  1.19545972e+00  1.15600000e-09  1.19111673e+00  1.15600000e-09  1.19357653e+00 
 1.22000000e-09  1.20000000e+00  1.22000000e-09  1.19932453e+00  1.22000000e-09  1.19899680e+00  1.22000000e-09  1.19710710e+00  1.22000000e-09  1.20003190e+00  1.22000000e-09  1.19950560e+00  1.22000000e-09  1.20037851e+00  1.22000000e-09  1.19944042e+00  1.22000000e-09  1.19987827e+00 
 1.28042338e-09  1.20000000e+00  1.28042338e-09  1.20009608e+00  1.28042338e-09  1.20050380e+00  1.28042338e-09  1.19953498e+00  1.28042338e-09  1.20016827e+00  1.28042338e-09  1.20046001e+00  1.28042338e-09  1.20026490e+00  1.28042338e-09  1.19952762e+00  1.28042338e-09  1.20004792e+00 
 1.36669651e-09  1.20000000e+00  1.36669651e-09  1.20029046e+00  1.36669651e-09  1.19996640e+00  1.36669651e-09  1.20071374e+00  1.36669651e-09  1.19994547e+00  1.36669651e-09  1.19989482e+00  1.36669651e-09  1.20014300e+00  1.36669651e-09  1.20078083e+00  1.36669651e-09  1.20024851e+00 
 1.46248558e-09  1.20000000e+00  1.46248558e-09  1.19808514e+00  1.46248558e-09  9.80241335e-01  1.46248558e-09  1.19910818e+00  1.46248558e-09  5.55308635e-01  1.46248558e-09  7.38082804e-01  1.46248558e-09  3.60090103e-01  1.46248558e-09  1.20178591e+00  1.46248558e-09  1.02737612e+00 
 1.56248558e-09  1.20000000e+00  1.56248558e-09  2.54734013e-01  1.56248558e-09  1.22849481e-01  1.56248558e-09  8.42797438e-01  1.56248558e-09 -7.67794952e-03  1.56248558e-09  3.75580858e-02  1.56248558e-09 -6.07443826e-02  1.56248558e-09  4.15788329e-01  1.56248558e-09  1.27499736e-01 
 1.66248558e-09  1.20000000e+00  1.66248558e-09 -8.46693055e-02  1.66248558e-09 -5.77369717e-02  1.66248558e-09  8.91075999e-02  1.66248558e-09  1.48432202e-02  1.66248558e-09 -1.61457894e-02  1.66248558e-09  5.50903718e-02  1.66248558e-09 -5.33034071e-02  1.66248558e-09 -5.96971304e-02 
 1.76248558e-09  1.20000000e+00  1.76248558e-09  6.80397017e-02  1.76248558e-09  4.05902114e-02  1.76248558e-09 -3.59003772e-02  1.76248558e-09 -1.10390431e-02  1.76248558e-09  1.04016714e-02  1.76248558e-09 -1.75609877e-02  1.76248558e-09  4.81116639e-02  1.76248558e-09  4.48013567e-02 
 1.86248558e-09  1.20000000e+00  1.86248558e-09 -4.25398866e-02  1.86248558e-09  3.99763918e-01  1.86248558e-09  2.09824118e-02  1.86248558e-09  8.45244305e-01  1.86248558e-09  7.93811082e-01  1.86248558e-09  1.05360332e+00  1.86248558e-09 -2.98599802e-02  1.86248558e-09  1.85035052e-01 
 1.96248558e-09  1.20000000e+00  1.96248558e-09  8.03136710e-01  1.96248558e-09  1.16636990e+00  1.96248558e-09 -1.27519342e-02  1.96248558e-09  1.27505464e+00  1.96248558e-09  1.26367063e+00  1.96248558e-09  1.28053439e+00  1.96248558e-09  2.23196560e-02  1.96248558e-09  1.09758527e+00 
 2.06248558e-09  1.20000000e+00  2.06248558e-09  1.23443399e+00  2.06248558e-09  1.21496006e+00  2.06248558e-09  5.03546857e-04  2.06248558e-09  1.13752364e+00  2.06248558e-09  1.14148827e+00  2.06248558e-09  1.13653812e+00  2.06248558e-09  6.58005983e-01  2.06248558e-09  1.25410376e+00 
 2.16248558e-09  1.20000000e+00  2.16248558e-09  1.16945604e+00  2.16248558e-09  1.18886177e+00  2.16248558e-09  8.71500077e-01  2.16248558e-09  1.25344019e+00  2.16248558e-09  1.23822273e+00  2.16248558e-09  5.35324916e-01  2.16248558e-09  1.24607501e+00  2.16248558e-09  1.16043344e+00 
 2.26248558e-09  1.20000000e+00  2.26248558e-09  1.21685173e+00  2.26248558e-09  7.51370451e-01  2.26248558e-09  1.28961796e+00  2.26248558e-09  1.88359560e-01  2.26248558e-09  2.85753705e-01  2.26248558e-09 -4.86597163e-02  2.26248558e-09  1.15759487e+00  2.26248558e-09  9.81819564e-01 
 2.36248558e-09  1.20000000e+00  2.36248558e-09  4.16426668e-01  2.36248558e-09  3.85984181e-02  2.36248558e-09  1.11960033e+00  2.36248558e-09 -8.36842536e-02  2.36248558e-09 -7.12999326e-02  2.36248558e-09  4.75594708e-02  2.36248558e-09  1.22272972e+00  2.36248558e-09  8.39205191e-02 
 2.46248558e-09  1.20000000e+00  2.46248558e-09 -4.73623277e-02  2.46248558e-09 -1.54192222e-02  2.46248558e-09  1.24845730e+00  2.46248558e-09  6.79224211e-02  2.46248558e-09  5.68038328e-02  2.46248558e-09 -3.54990295e-02  2.46248558e-09  1.18504626e+00  2.46248558e-09 -4.36524555e-02 
 2.56248558e-09  1.20000000e+00  2.56248558e-09  4.32589591e-02  2.56248558e-09  8.56866643e-03  2.56248558e-09  1.16400894e+00  2.56248558e-09  1.32913040e-01  2.56248558e-09 -4.99641593e-02  2.56248558e-09  9.86454395e-01  2.56248558e-09  1.08872700e+00  2.56248558e-09  3.03560234e-02 
 2.66248558e-09  1.20000000e+00  2.66248558e-09 -2.53624445e-02  2.66248558e-09  5.87274348e-01  2.66248558e-09  1.08174573e+00  2.66248558e-09  1.11146535e+00  2.66248558e-09  9.82736648e-01  2.66248558e-09  1.27514792e+00  2.66248558e-09  1.55889627e-01  2.66248558e-09  2.56032081e-01 
 2.76248558e-09  1.20000000e+00  2.76248558e-09  8.58575651e-01  2.76248558e-09  1.19677358e+00  2.76248558e-09  1.51344761e-01  2.76248558e-09  1.24760352e+00  2.76248558e-09  1.29466556e+00  2.76248558e-09  1.13588493e+00  2.76248558e-09 -7.11419542e-02  2.76248558e-09  1.10877222e+00 
 2.86248558e-09  1.20000000e+00  2.86248558e-09  1.26560327e+00  2.86248558e-09  1.19475197e+00  2.86248558e-09 -6.51994615e-02  2.86248558e-09  1.16656329e+00  2.86248558e-09  1.12310401e+00  2.86248558e-09  1.14702670e+00  2.86248558e-09  5.26250989e-02  2.86248558e-09  1.24991584e+00 
 2.96248558e-09  1.20000000e+00  2.96248558e-09  1.14354021e+00  2.96248558e-09  1.20355189e+00  2.96248558e-09  4.11662468e-02  2.96248558e-09  5.38470376e-01  2.96248558e-09  1.15924143e+00  2.96248558e-09  9.77977845e-02  2.96248558e-09 -3.67001642e-02  2.96248558e-09  1.16393852e+00 
 3.06248558e-09  1.20000000e+00  3.06248558e-09  1.23468671e+00  3.06248558e-09  4.87283215e-01  3.06248558e-09 -2.59046721e-02  3.06248558e-09 -2.45416547e-02  3.06248558e-09  1.10461366e-01  3.06248558e-09 -5.75450738e-02  3.06248558e-09  2.41658182e-02  3.06248558e-09  6.89878416e-01 
 3.16248558e-09  1.20000000e+00  3.16248558e-09  3.02961014e-01  3.16248558e-09 -3.34151211e-02  3.16248558e-09  1.68730438e-02  3.16248558e-09  2.55249397e-02  3.16248558e-09 -5.43703837e-02  3.16248558e-09  4.36732976e-02  3.16248558e-09  7.70638189e-01  3.16248558e-09  7.74020672e-03 
 3.26248558e-09  1.20000000e+00  3.26248558e-09 -7.15548806e-02  3.26248558e-09  3.16717510e-02  3.26248558e-09  6.87783369e-01  3.26248558e-09 -2.01623782e-02  3.26248558e-09  3.87945165e-02  3.26248558e-09  6.33682714e-01  3.26248558e-09  1.28970351e+00  3.26248558e-09  4.26241647e-03 
 3.36248558e-09  1.20000000e+00  3.36248558e-09  5.82075709e-02  3.36248558e-09 -1.82682845e-02  3.36248558e-09  1.23802435e+00  3.36248558e-09  8.24315020e-01  3.36248558e-09  4.99518502e-01  3.36248558e-09  1.24972257e+00  3.36248558e-09  1.12301097e+00  3.36248558e-09 -6.04305551e-03 
 3.46248558e-09  1.20000000e+00  3.46248558e-09 -4.01166403e-02  3.46248558e-09  8.86535943e-01  3.46248558e-09  1.16154879e+00  3.46248558e-09  1.25128974e+00  3.46248558e-09  1.19871806e+00  3.46248558e-09  1.15104911e+00  3.46248558e-09  1.24402949e+00  3.46248558e-09  6.07701512e-01 
 3.56248558e-09  1.20000000e+00  3.56248558e-09  9.19693048e-01  3.56248558e-09  1.26981821e+00  3.56248558e-09  1.22188655e+00  3.56248558e-09  1.15845692e+00  3.56248558e-09  1.19285716e+00  3.56248558e-09  1.23264483e+00  3.56248558e-09  1.16849337e+00  3.56248558e-09  1.19104643e+00 
 3.66248558e-09  1.20000000e+00  3.66248558e-09  1.27821586e+00  3.66248558e-09  1.13861867e+00  3.66248558e-09  1.18474238e+00  3.66248558e-09  1.22463407e+00  3.66248558e-09  1.20486141e+00  3.66248558e-09  2.61538139e-01  3.66248558e-09  7.83794747e-01  3.66248558e-09  1.20047589e+00 
 3.76248558e-09  1.20000000e+00  3.76248558e-09  1.13467856e+00  3.76248558e-09  1.24159753e+00  3.76248558e-09  1.22570663e+00  3.76248558e-09  2.56325040e-01  3.76248558e-09  4.43194145e-01  3.76248558e-09 -5.81715865e-02  3.76248558e-09  4.01005558e-02  3.76248558e-09  1.19913868e+00 
 3.86248558e-09  1.20000000e+00  3.86248558e-09  1.24924512e+00  3.86248558e-09  2.91922624e-01  3.86248558e-09  3.57059220e-01  3.86248558e-09 -7.85594917e-02  3.86248558e-09 -4.30674319e-02  3.86248558e-09  5.00260875e-02  3.86248558e-09 -1.70901433e-02  3.86248558e-09  4.76603246e-01 
 3.96248558e-09  1.20000000e+00  3.96248558e-09  2.64980242e-01  3.96248558e-09 -7.06044174e-02  3.96248558e-09 -7.38146085e-02  3.96248558e-09  6.67455598e-02  3.96248558e-09  3.74911319e-02  3.96248558e-09 -5.01072814e-02  3.96248558e-09  1.06171669e-02  3.96248558e-09 -2.91866173e-02 
 4.06248558e-09  1.20000000e+00  4.06248558e-09 -7.51265400e-02  4.06248558e-09  5.49215896e-02  4.06248558e-09  5.40196921e-02  4.06248558e-09 -2.08132566e-02  4.06248558e-09 -2.18760556e-02  4.06248558e-09  1.01573132e+00  4.06248558e-09 -7.17825324e-03  4.06248558e-09  3.23916347e-02 
 4.16248558e-09  1.20000000e+00  4.16248558e-09  6.02942261e-02  4.16248558e-09 -4.09431695e-02  4.16248558e-09 -3.09867397e-02  4.16248558e-09  1.03629961e+00  4.16248558e-09  9.05473143e-01  4.16248558e-09  1.29100568e+00  4.16248558e-09  2.34221574e-02  4.16248558e-09 -2.25047777e-02 
 4.26248558e-09  1.20000000e+00  4.26248558e-09 -5.45577186e-02  4.26248558e-09  1.00354665e+00  4.26248558e-09  2.12769332e-02  4.26248558e-09  1.28053426e+00  4.26248558e-09  1.27642008e+00  4.26248558e-09  1.12618173e+00  4.26248558e-09  9.27204159e-01  4.26248558e-09  8.01732645e-01 
 4.36248558e-09  1.20000000e+00  4.36248558e-09  9.53037313e-01  4.36248558e-09  1.29381374e+00  4.36248558e-09  3.23451345e-01  4.36248558e-09  1.14025130e+00  4.36248558e-09  1.13529946e+00  4.36248558e-09  6.86567510e-01  4.36248558e-09  1.30255585e+00  4.36248558e-09  1.24329418e+00 
 4.46248558e-09  1.20000000e+00  4.46248558e-09  1.28490758e+00  4.46248558e-09  1.12306847e+00  4.46248558e-09  1.12145446e+00  4.46248558e-09  7.12795580e-01  4.46248558e-09  1.25171428e+00  4.46248558e-09 -1.73652603e-02  4.46248558e-09  1.11929506e+00  4.46248558e-09  1.16314848e+00 
 4.56248558e-09  1.20000000e+00  4.56248558e-09  1.13024295e+00  4.56248558e-09  1.11417473e+00  4.56248558e-09  1.24349198e+00  4.56248558e-09  2.46993957e-03  4.56248558e-09  2.39479801e-01  4.56248558e-09  2.20640415e-02  4.56248558e-09  1.25054272e+00  4.56248558e-09  1.22027199e+00 
 4.66248558e-09  1.20000000e+00  4.66248558e-09  1.26778942e+00  4.66248558e-09  9.19997617e-02  4.66248558e-09  1.16441447e+00  4.66248558e-09  7.13091023e-03  4.66248558e-09 -7.71115278e-02  4.66248558e-09 -1.61355402e-02  4.66248558e-09  1.16353845e+00  4.66248558e-09  3.33713458e-01 
 4.76248558e-09  1.20000000e+00  4.76248558e-09  2.33837161e-01  4.76248558e-09 -4.54310721e-02  4.76248558e-09  1.22724806e+00  4.76248558e-09 -7.52016469e-03  4.76248558e-09  6.08510369e-02  4.76248558e-09  9.24539938e-01  4.76248558e-09  5.57655658e-01  4.76248558e-09 -6.27465068e-02 
 4.86248558e-09  1.20000000e+00  4.86248558e-09 -7.77161418e-02  4.86248558e-09  3.05792099e-02  4.86248558e-09  1.18255846e+00  4.86248558e-09  7.69202992e-01  4.86248558e-09  4.80118236e-02  4.86248558e-09  1.27103264e+00  4.86248558e-09 -2.99677718e-02  4.86248558e-09  5.42958839e-02 
 4.96248558e-09  1.20000000e+00  4.96248558e-09  6.13935810e-02  4.96248558e-09  4.73720433e-01  4.96248558e-09  5.34413349e-01  4.96248558e-09  1.24591515e+00  4.96248558e-09  1.06318875e+00  4.96248558e-09  1.13778632e+00  4.96248558e-09  3.45765449e-02  4.96248558e-09 -4.27853307e-02 
 5.06248558e-09  1.20000000e+00  5.06248558e-09 -6.36602770e-02  5.06248558e-09  1.18138012e+00  5.06248558e-09 -4.01059868e-02  5.06248558e-09  1.16055616e+00  5.06248558e-09  1.27497509e+00  5.06248558e-09  1.26120615e+00  5.06248558e-09 -2.32192625e-02  5.06248558e-09  9.46812502e-01 
 5.16248558e-09  1.20000000e+00  5.16248558e-09  9.69693119e-01  5.16248558e-09  1.20549323e+00  5.16248558e-09  3.77556132e-02  5.16248558e-09  1.22262912e+00  5.16248558e-09  1.14201783e+00  5.16248558e-09  1.61793988e-01  5.16248558e-09  1.91391537e-02  5.16248558e-09  1.28715357e+00 
 5.26248558e-09  1.20000000e+00  5.26248558e-09  1.28631986e+00  5.26248558e-09  1.19587370e+00  5.26248558e-09 -2.33592415e-02  5.26248558e-09  2.69359961e-01  5.26248558e-09  7.14500917e-01  5.26248558e-09 -7.57510285e-02  5.26248558e-09  1.59835069e-01  5.26248558e-09  1.12983707e+00 
 5.36248558e-09  1.20000000e+00  5.36248558e-09  1.12996094e+00  5.36248558e-09  5.55414185e-01  5.36248558e-09  1.78195673e-02  5.36248558e-09 -7.54920565e-02  5.36248558e-09 -6.12215634e-03  5.36248558e-09  6.16858144e-02  5.36248558e-09  1.05707960e+00  5.36248558e-09  1.25250100e+00 
 5.46248558e-09  1.20000000e+00  5.46248558e-09  1.27097556e+00  5.46248558e-09 -1.59524706e-02  5.46248558e-09  6.95937530e-02  5.46248558e-09  6.42468765e-02  5.46248558e-09  1.20949462e-02  5.46248558e-09  4.52528200e-01  5.46248558e-09  1.27276381e+00  5.46248558e-09  1.79730943e-01 
 5.56248558e-09  1.20000000e+00  5.56248558e-09  2.21793039e-01  5.56248558e-09  2.05066884e-02  5.56248558e-09  1.02362049e+00  5.56248558e-09 -5.63928648e-02  5.56248558e-09 -1.07425742e-02  5.56248558e-09  1.21189271e+00  5.56248558e-09  1.14606097e+00  5.56248558e-09 -7.21572351e-02 
 5.66248558e-09  1.20000000e+00  5.66248558e-09 -7.77211018e-02  5.66248558e-09 -1.38915032e-02  5.66248558e-09  1.28785292e+00  5.66248558e-09  1.00071233e+00  5.66248558e-09  8.28617291e-01  5.66248558e-09  1.18270802e+00  5.66248558e-09  1.23809640e+00  5.66248558e-09  5.69740684e-02 
 5.76248558e-09  1.20000000e+00  5.76248558e-09  6.09622442e-02  5.76248558e-09  8.30533528e-01  5.76248558e-09  1.12757945e+00  5.76248558e-09  1.28786416e+00  5.76248558e-09  1.24919728e+00  5.76248558e-09  1.21179090e+00  5.76248558e-09  1.17490903e+00  5.76248558e-09  3.80833785e-02 
 5.86248558e-09  1.20000000e+00  5.86248558e-09 -6.25659089e-02  5.86248558e-09  1.25138798e+00  5.86248558e-09  1.25075332e+00  5.86248558e-09  1.13321469e+00  5.86248558e-09  1.15574287e+00  5.86248558e-09  3.08159732e-01  5.86248558e-09  4.24497106e-01  5.86248558e-09  1.05557575e+00 
 5.96248558e-09  1.20000000e+00  5.96248558e-09  9.77660221e-01  5.96248558e-09  1.15289121e+00  5.96248558e-09  1.16153361e+00  5.96248558e-09  9.03280265e-01  5.96248558e-09  1.22668028e+00  5.96248558e-09 -6.05561034e-02  5.96248558e-09 -6.36952696e-02  5.96248558e-09  1.27409579e+00 
 6.06248558e-09  1.20000000e+00  6.06248558e-09  1.28649214e+00  6.06248558e-09  1.22897067e+00  6.06248558e-09  7.13358616e-01  6.06248558e-09  4.51610613e-02  6.06248558e-09  3.38133689e-01  6.06248558e-09  5.32018818e-02  6.06248558e-09  5.76146451e-02  6.06248558e-09  1.14425943e+00 
 6.16248558e-09  1.20000000e+00  6.16248558e-09  1.13023592e+00  6.16248558e-09  3.53574856e-01  6.16248558e-09  2.37006863e-03  6.16248558e-09 -2.15558983e-02  6.16248558e-09 -6.08224706e-02  6.16248558e-09 -4.60820116e-02  6.16248558e-09 -3.67204786e-02  6.16248558e-09  9.00137298e-01 
 6.26248558e-09  1.20000000e+00  6.26248558e-09  1.26904294e+00  6.26248558e-09 -6.02326509e-02  6.26248558e-09  1.08314478e-02  6.26248558e-09  1.46138027e-02  6.26248558e-09  4.89919940e-02  6.26248558e-09  9.98009919e-01  6.26248558e-09  2.95014343e-02  6.26248558e-09  4.92116582e-02 
 6.36248558e-09  1.20000000e+00  6.36248558e-09  2.14739817e-01  6.36248558e-09  4.72467935e-02  6.36248558e-09 -8.25552294e-03  6.36248558e-09  6.61869799e-01  6.36248558e-09 -3.48266409e-02  6.36248558e-09  1.28588326e+00  6.36248558e-09  4.01711827e-01  6.36248558e-09 -2.38527447e-02 
 6.46248558e-09  1.20000000e+00  6.46248558e-09 -7.74952801e-02  6.46248558e-09 -3.32761609e-02  6.46248558e-09  7.26951683e-03  6.46248558e-09  1.23668893e+00  6.46248558e-09  9.55169203e-01  6.46248558e-09  1.12851888e+00  6.46248558e-09  1.16363206e+00  6.46248558e-09  1.47486424e-02 
 6.56248558e-09  1.20000000e+00  6.56248558e-09  6.05078653e-02  6.56248558e-09  9.59455153e-01  6.56248558e-09 -1.84869100e-02  6.56248558e-09  1.16515473e+00  6.56248558e-09  1.29233540e+00  6.56248558e-09  8.83892589e-01  6.56248558e-09  1.21740463e+00  6.56248558e-09  4.06384905e-01 
 6.66248558e-09  1.20000000e+00  6.66248558e-09 -6.00735152e-02  6.66248558e-09  1.29230609e+00  6.66248558e-09  9.18235183e-01  6.66248558e-09  1.21982755e+00  6.66248558e-09  1.12333066e+00  6.66248558e-09  2.76612507e-02  6.66248558e-09  1.18562023e+00  6.66248558e-09  1.14569119e+00 
 6.76248558e-09  1.20000000e+00  6.76248558e-09  9.82057987e-01  6.76248558e-09  1.12186126e+00  6.76248558e-09  1.29481812e+00  6.76248558e-09  2.91954756e-01  6.76248558e-09  1.19190671e+00  6.76248558e-09 -1.50375858e-02  6.76248558e-09  1.21216850e+00  6.76248558e-09  1.22931850e+00 
 6.86248558e-09  1.20000000e+00  6.86248558e-09  1.28634442e+00  6.86248558e-09  1.22617081e+00  6.86248558e-09  1.11698512e+00  6.86248558e-09 -6.95153498e-02  6.86248558e-09  1.28882321e-01  6.86248558e-09  1.01608958e-02  6.86248558e-09  1.20173112e+00  6.86248558e-09  1.17921127e+00 
 6.96248558e-09  1.20000000e+00  6.96248558e-09  1.13059548e+00  6.96248558e-09  1.51791798e-01  6.96248558e-09  1.25186538e+00  6.96248558e-09  5.91609812e-02  6.96248558e-09 -6.35376128e-02  6.96248558e-09  8.32253156e-01  6.96248558e-09  3.06108396e-01  6.96248558e-09  6.23931807e-01 
 7.06248558e-09  1.20000000e+00  7.06248558e-09  1.26700336e+00  7.06248558e-09 -6.65920676e-02  7.06248558e-09  1.16115655e+00  7.06248558e-09 -4.75857748e-02  7.06248558e-09  4.61436406e-02  7.06248558e-09  1.27256935e+00  7.06248558e-09 -8.41073881e-02  7.06248558e-09 -3.30496428e-04 
 7.16248558e-09  1.20000000e+00  7.16248558e-09  2.11165501e-01  7.16248558e-09  4.79168531e-02  7.16248558e-09  1.07206794e+00  7.16248558e-09  9.53992970e-01  7.16248558e-09  4.64077132e-01  7.16248558e-09  1.13394527e+00  7.16248558e-09  6.92894969e-02  7.16248558e-09  1.20134577e-02 
 7.26248558e-09  1.20000000e+00  7.26248558e-09 -7.72854770e-02  7.26248558e-09  2.93843053e-01  7.26248558e-09  1.42187717e-01  7.26248558e-09  1.28623099e+00  7.26248558e-09  1.19430614e+00  7.26248558e-09  1.25256116e+00  7.26248558e-09 -4.40155215e-02  7.26248558e-09 -1.11855688e-02 
 7.36248558e-09  1.20000000e+00  7.36248558e-09  6.02027929e-02  7.36248558e-09  1.13425269e+00  7.36248558e-09 -6.00805281e-02  7.36248558e-09  1.13266671e+00  7.36248558e-09  1.19574248e+00  7.36248558e-09  1.88468824e-01  7.36248558e-09  3.34977458e-02  7.36248558e-09  6.51767675e-01 
 7.46248558e-09  1.20000000e+00  7.46248558e-09 -5.81811853e-02  7.46248558e-09  1.23566161e+00  7.46248558e-09  3.77903579e-02  7.46248558e-09  1.15291583e+00  7.46248558e-09  1.20302784e+00  7.46248558e-09 -7.02319584e-02  7.46248558e-09  6.22968242e-01  7.46248558e-09  1.20182339e+00 
 7.56248558e-09  1.20000000e+00  7.56248558e-09  9.84538471e-01  7.56248558e-09  1.17298101e+00  7.56248558e-09 -2.37512317e-02  7.56248558e-09  1.19200139e-01  7.56248558e-09  4.58883256e-01  7.56248558e-09  5.92639744e-02  7.56248558e-09  1.24513068e+00  7.56248558e-09  1.19293829e+00 
 7.66248558e-09  1.20000000e+00  7.66248558e-09  1.28621910e+00  7.66248558e-09  6.60983155e-01  7.66248558e-09  1.54340010e-02  7.66248558e-09 -6.23983052e-02  7.66248558e-09 -3.87225008e-02  7.66248558e-09  2.41423180e-01  7.66248558e-09  1.15724504e+00  7.66248558e-09  1.20374887e+00 
 7.76248558e-09  1.20000000e+00  7.76248558e-09  1.13082805e+00  7.76248558e-09  2.90900760e-04  7.76248558e-09  6.79617992e-01  7.76248558e-09  4.80175922e-02  7.76248558e-09  3.42996167e-02  7.76248558e-09  1.14316603e+00  7.76248558e-09  1.22293610e+00  7.76248558e-09  4.34775065e-01 
 7.86248558e-09  1.20000000e+00  7.86248558e-09  1.26554263e+00  7.86248558e-09  5.33145738e-03  7.86248558e-09  1.23500215e+00  7.86248558e-09  4.64070039e-01  7.86248558e-09 -2.02690877e-02  7.86248558e-09  1.23491268e+00  7.86248558e-09  1.18473037e+00  7.86248558e-09 -4.01047960e-02 
 7.96248558e-09  1.20000000e+00  7.96248558e-09  2.09031720e-01  7.96248558e-09 -5.68112185e-03  7.96248558e-09  1.16406206e+00  7.96248558e-09  1.20964143e+00  7.96248558e-09  8.95639630e-01  7.96248558e-09  1.17432886e+00  7.96248558e-09  1.11061507e+00  7.96248558e-09  4.01446870e-02 
 8.06248558e-09  1.20000000e+00  8.06248558e-09 -7.71517969e-02  8.06248558e-09  7.54742998e-01  8.06248558e-09  1.22024858e+00  8.06248558e-09  1.18433501e+00  8.06248558e-09  1.27324716e+00  8.06248558e-09  4.10348094e-01  8.06248558e-09  1.66592701e-01  8.06248558e-09 -2.55150780e-02 
 8.16248558e-09  1.20000000e+00  8.16248558e-09  6.00121389e-02  8.16248558e-09  1.22998074e+00  8.16248558e-09  1.18604003e+00  8.16248558e-09  1.21017824e+00  8.16248558e-09  1.13777459e+00  8.16248558e-09 -5.48372480e-02  8.16248558e-09 -7.51049691e-02  8.16248558e-09  8.43493666e-01 
 8.26248558e-09  1.20000000e+00  8.26248558e-09 -5.69419296e-02  8.26248558e-09  1.16955008e+00  8.26248558e-09  1.22491956e+00  8.26248558e-09  3.41418210e-01  8.26248558e-09  1.24532889e+00  8.26248558e-09  5.06454748e-02  8.26248558e-09  5.57538450e-02  8.26248558e-09  1.25766201e+00 
 8.36248558e-09  1.20000000e+00  8.36248558e-09  9.85985506e-01  8.36248558e-09  1.22008013e+00  8.36248558e-09  3.63733084e-01  8.36248558e-09 -5.78757818e-02  8.36248558e-09  2.55302389e-01  8.36248558e-09 -3.75648464e-02  8.36248558e-09 -3.83367166e-02  8.36248558e-09  1.15236925e+00 
 8.46248558e-09  1.20000000e+00  8.46248558e-09  1.28612396e+00  8.46248558e-09  4.17509898e-01  8.46248558e-09 -7.35933513e-02  8.46248558e-09  4.99109901e-02  8.46248558e-09 -7.52649684e-02  8.46248558e-09  9.75478143e-01  8.46248558e-09  2.55736513e-02  8.46248558e-09  1.22810209e+00 
 8.56248558e-09  1.20000000e+00  8.56248558e-09  1.13098270e+00  8.56248558e-09 -4.32737427e-02  8.56248558e-09  5.41060836e-02  8.56248558e-09 -3.26531237e-02  8.56248558e-09  5.98218303e-02  8.56248558e-09  1.27753198e+00  8.56248558e-09  7.68751223e-01  8.56248558e-09  2.97940497e-01 
 8.66248558e-09  1.20000000e+00  8.66248558e-09  1.26462442e+00  8.66248558e-09  3.47155630e-02  8.66248558e-09 -3.09048445e-02  8.66248558e-09  9.04412033e-01  8.66248558e-09  2.17078004e-02  8.66248558e-09  1.13333905e+00  8.66248558e-09  1.28911312e+00  8.66248558e-09 -6.85343784e-02 
 8.76248558e-09  1.20000000e+00  8.76248558e-09  2.07830015e-01  8.76248558e-09 -1.92122406e-02  8.76248558e-09  2.12634441e-02  8.76248558e-09  1.27592030e+00  8.76248558e-09  1.04927569e+00  8.76248558e-09  1.10718567e+00  8.76248558e-09  1.12364537e+00  8.76248558e-09  5.82147098e-02 
 8.86248558e-09  1.20000000e+00  8.86248558e-09 -7.70652710e-02  8.86248558e-09  9.08046124e-01  8.86248558e-09  3.15295200e-01  8.86248558e-09  1.13996763e+00  8.86248558e-09  1.28104948e+00  8.86248558e-09  8.40080488e-02  8.86248558e-09  1.24357689e+00  8.86248558e-09 -5.99051049e-02 
 8.96248558e-09  1.20000000e+00  8.96248558e-09  5.98965218e-02  8.96248558e-09  1.27897879e+00  8.96248558e-09  1.11869589e+00  8.96248558e-09  1.25020110e+00  8.96248558e-09  1.13682024e+00  8.96248558e-09 -5.55150944e-02  8.96248558e-09  1.16885322e+00  8.96248558e-09  9.76127268e-01 
 9.06248558e-09  1.20000000e+00  9.06248558e-09 -5.61689245e-02  9.06248558e-09  1.13148270e+00  9.06248558e-09  1.24511831e+00  9.06248558e-09  1.90357841e-01  9.06248558e-09  7.53695139e-01  9.06248558e-09  4.11018012e-02  9.06248558e-09  7.85255831e-01  9.06248558e-09  1.29160933e+00 
 9.16248558e-09  1.20000000e+00  9.16248558e-09  9.86836953e-01  9.16248558e-09  1.25891008e+00  9.16248558e-09  1.16317329e+00  9.16248558e-09 -8.29858577e-02  9.16248558e-09  5.45460865e-04  9.16248558e-09  6.98045159e-01  9.16248558e-09  4.06216459e-02  9.16248558e-09  1.12743566e+00 
 9.26248558e-09  1.20000000e+00  9.26248558e-09  1.28606384e+00  9.26248558e-09  2.43651406e-01  9.26248558e-09  1.22811541e+00  9.26248558e-09  6.75539297e-02  9.26248558e-09  7.76661828e-03  9.26248558e-09  1.26244483e+00  9.26248558e-09 -1.67941612e-02  9.26248558e-09  1.20108342e+00 
 9.36248558e-09  1.20000000e+00  9.36248558e-09  1.13107629e+00  9.36248558e-09 -7.54273443e-02  9.36248558e-09  1.18177869e+00  9.36248558e-09  1.87019157e-01  9.36248558e-09 -7.94811202e-03  9.36248558e-09  1.14026438e+00  9.36248558e-09  1.05416805e-02  9.36248558e-09  1.39033248e-01 
 9.46248558e-09  1.20000000e+00  9.46248558e-09  1.26405139e+00  9.46248558e-09  5.77966418e-02  9.46248558e-09  5.38020016e-01  9.46248558e-09  1.12748851e+00  9.46248558e-09  8.10864859e-01  9.46248558e-09  1.23951467e+00  9.46248558e-09 -7.19973048e-03  9.46248558e-09 -6.18704453e-02 
 9.56248558e-09  1.20000000e+00  9.56248558e-09  2.07110125e-01  9.56248558e-09  2.58838101e-02  9.56248558e-09 -3.94701454e-02  9.56248558e-09  1.23845291e+00  9.56248558e-09  1.24621254e+00  9.56248558e-09  2.26479651e-01  9.56248558e-09  2.12320157e-02  9.56248558e-09  4.69992556e-02 
 9.66248558e-09  1.20000000e+00  9.66248558e-09 -7.70138750e-02  9.66248558e-09  1.04929749e+00  9.66248558e-09  3.74727876e-02  9.66248558e-09  1.17334339e+00  9.66248558e-09  1.15778212e+00  9.66248558e-09 -6.13997898e-02  9.66248558e-09  9.23522278e-01  9.66248558e-09  1.19296746e-01 
 9.76248558e-09  1.20000000e+00  9.76248558e-09  5.98273017e-02  9.76248558e-09  1.28064274e+00  9.76248558e-09 -2.32276535e-02  9.76248558e-09  4.77830403e-01  9.76248558e-09  1.22571614e+00  9.76248558e-09  5.28912934e-02  9.76248558e-09  1.30280770e+00  9.76248558e-09  1.07729438e+00 
 9.86248558e-09  1.20000000e+00  9.86248558e-09 -5.56996099e-02  9.86248558e-09  1.13576539e+00  9.86248558e-09  1.77440170e-02  9.86248558e-09 -3.40088039e-02  9.86248558e-09  3.46130594e-01  9.86248558e-09  2.68931653e-02  9.86248558e-09  1.11888252e+00  9.86248558e-09  1.26532052e+00 
 9.96248558e-09  1.20000000e+00  9.96248558e-09  9.87339572e-01  9.96248558e-09  8.79993108e-01  9.96248558e-09  6.68253116e-02  9.96248558e-09  3.28652497e-02  9.96248558e-09 -5.91408904e-02  9.96248558e-09  1.06816116e+00  9.96248558e-09  1.25068116e+00  9.96248558e-09  1.15162484e+00 
 1.00000000e-08  1.20000000e+00  1.00000000e-08  1.22136132e+00  1.00000000e-08  2.63874483e-01  1.00000000e-08  6.09660573e-01  1.00000000e-08 -1.73747322e-02  1.00000000e-08  2.19960587e-02  1.00000000e-08  1.23531648e+00  1.00000000e-08  1.18162662e+00  1.00000000e-08  1.21868925e+00 
